name: csvCreateXls
channels:
  - anaconda
  - conda-forge
  - defaults
dependencies:
  - asttokens=2.4.1=pyhd8ed1ab_0
  - bzip2=1.0.8=h2bbff1b_6
  - ca-certificates=2024.6.2=h56e8100_0
  - colorama=0.4.6=pyhd8ed1ab_0
  - comm=0.2.2=pyhd8ed1ab_0
  - debugpy=1.8.2=py311hda3d55a_0
  - decorator=5.1.1=pyhd8ed1ab_0
  - exceptiongroup=1.2.0=pyhd8ed1ab_2
  - executing=2.0.1=pyhd8ed1ab_0
  - git=2.40.1=haa95532_1
  - importlib-metadata=8.0.0=pyha770c72_0
  - importlib_metadata=8.0.0=hd8ed1ab_0
  - ipykernel=6.29.4=pyh4bbf305_0
  - ipython=8.26.0=pyh7428d3b_0
  - jedi=0.19.1=pyhd8ed1ab_0
  - jupyter_client=8.6.2=pyhd8ed1ab_0
  - jupyter_core=5.7.2=py311h1ea47a8_0
  - krb5=1.21.3=hdf4eb48_0
  - libffi=3.4.4=hd77b12b_1
  - libsodium=1.0.18=h8d14728_1
  - matplotlib-inline=0.1.7=pyhd8ed1ab_0
  - nest-asyncio=1.6.0=pyhd8ed1ab_0
  - openssl=3.3.1=h2466b09_1
  - parso=0.8.4=pyhd8ed1ab_0
  - pickleshare=0.7.5=py_1003
  - pip=24.0=py311haa95532_0
  - platformdirs=4.2.2=pyhd8ed1ab_0
  - prompt-toolkit=3.0.47=pyha770c72_0
  - psutil=6.0.0=py311he736701_0
  - pure_eval=0.2.2=pyhd8ed1ab_0
  - pygments=2.18.0=pyhd8ed1ab_0
  - python=3.11.9=he1021f5_0
  - python_abi=3.11=2_cp311
  - pywin32=306=py311h12c1d0e_2
  - pyzmq=26.0.3=py311h484c95c_0
  - setuptools=69.5.1=py311haa95532_0
  - six=1.16.0=pyh6c4a22f_0
  - sqlite=3.45.3=h2bbff1b_0
  - stack_data=0.6.2=pyhd8ed1ab_0
  - tk=8.6.14=h0416ee5_0
  - tornado=6.4.1=py311he736701_0
  - traitlets=5.14.3=pyhd8ed1ab_0
  - typing_extensions=4.12.2=pyha770c72_0
  - ucrt=10.0.22621.0=h57928b3_0
  - vc=14.2=h21ff451_1
  - vc14_runtime=14.40.33810=ha82c5b3_20
  - vs2015_runtime=14.40.33810=h3bf8584_20
  - wcwidth=0.2.13=pyhd8ed1ab_0
  - wheel=0.43.0=py311haa95532_0
  - xz=5.4.6=h8cc25b3_1
  - zeromq=4.3.5=he1f189c_4
  - zipp=3.19.2=pyhd8ed1ab_0
  - zlib=1.2.13=h8cc25b3_1
  - pip:
      - altgraph==0.17.4
      - annotated-types==0.7.0
      - beautifulsoup4==4.12.3
      - cachetools==5.3.3
      - certifi==2024.6.2
      - chardet==5.2.0
      - charset-normalizer==3.3.2
      - et-xmlfile==1.1.0
      - flaretool==0.2.0
      - future==1.0.0
      - idna==3.7
      - jpbizday==0.0.3
      - jpholiday==0.1.10
      - numpy==1.26.4
      - openpyxl==3.1.2
      - packaging==24.0
      - pandas==2.2.2
      - pefile==2023.2.7
      - pillow==10.3.0
      - py2exe==0.13.0.1
      - pycodestyle==2.12.0
      - pydantic==2.8.0
      - pydantic-core==2.20.0
      - pydantic-settings==2.3.4
      - pyinstaller==6.7.0
      - pyinstaller-hooks-contrib==2024.6
      - pyperclip==1.8.2
      - python-dateutil==2.9.0.post0
      - python-dotenv==1.0.1
      - python-whois==0.9.4
      - pytz==2024.1
      - pywin32-ctypes==0.2.2
      - requests==2.32.3
      - soupsieve==2.5
      - tkeasygui==0.2.68
      - tomli==2.0.1
      - tzdata==2024.1
      - urllib3==2.2.2
prefix: C:\Users\SLV47\anaconda3\envs\csvCreateXls
